361	759
363	761
361	758
362	760
363	762
360	757
361	757
363	763
360	756
361	756
363	764
360	755
361	755
362	765
361	765
363	766
360	765
364	766
359	764
359	765
365	766
358	764
357	764
357	765
356	766
357	766
357	767
358	767
359	768
359	769
360	769
360	770
360	771
361	771
359	772
360	772
361	772
362	772
358	772
362	773
357	772
356	772
355	772
354	772
353	772
352	772
352	773
351	772
351	774
352	774
350	774
350	775
351	775
352	775
353	775
350	776
351	776
352	776
353	776
354	775
354	776
350	777
351	778
351	779
352	780
351	781
350	782
351	782
350	783
350	784
350	785
351	786
