172	760
174	759
171	759
173	760
174	758
170	758
170	759
171	758
174	757
169	757
169	759
170	757
171	757
169	760
172	757
173	756
174	756
168	757
168	758
169	756
170	756
168	759
171	756
172	756
169	761
173	755
174	755
167	758
167	759
169	755
170	755
167	760
170	762
166	757
166	758
166	759
166	760
168	754
170	754
166	761
167	761
171	763
165	757
166	756
165	760
165	761
167	753
167	754
168	753
170	753
171	753
167	762
171	764
172	762
172	763
172	764
164	760
164	761
164	762
166	752
166	753
166	754
167	752
170	752
172	752
172	765
173	764
173	765
163	759
163	760
163	761
163	762
163	763
164	763
166	751
167	751
170	751
162	758
162	759
162	760
162	761
162	762
162	763
162	764
163	764
166	750
167	750
168	750
169	750
161	757
161	758
161	759
161	760
161	761
161	762
161	763
161	764
161	765
162	765
163	765
166	749
167	749
168	749
169	749
160	756
160	760
160	761
160	762
160	764
160	765
160	766
161	766
162	766
163	766
166	748
167	748
168	748
169	748
170	748
159	755
159	756
159	757
160	755
159	759
159	767
160	767
165	747
167	747
168	747
169	747
170	747
171	747
158	756
159	754
158	757
158	758
159	758
161	754
158	759
158	760
158	768
159	768
160	768
161	768
164	746
164	747
165	746
166	746
167	746
168	746
169	746
170	746
171	746
172	746
172	747
172	748
157	755
157	756
157	757
158	753
157	758
157	759
161	753
157	760
157	761
158	769
159	769
160	769
162	768
162	769
163	745
163	746
164	745
165	745
167	745
168	745
172	745
173	745
156	756
157	754
156	757
156	758
157	752
157	753
156	759
156	760
161	752
162	752
156	761
156	762
157	762
162	770
163	770
162	744
162	745
162	746
163	744
164	744
165	744
167	744
169	744
171	744
172	744
173	744
155	756
156	753
155	759
156	752
157	751
158	751
160	751
161	751
162	751
162	771
163	771
161	743
161	744
162	743
163	743
164	743
166	743
167	743
169	743
171	743
172	743
173	743
174	743
154	757
160	750
161	750
161	772
162	772
163	772
164	772
160	742
160	743
160	744
161	742
162	742
163	742
164	742
165	742
166	742
167	742
169	742
172	742
173	742
175	742
153	757
160	749
161	749
160	773
161	773
162	773
165	771
165	773
161	741
162	741
163	741
165	741
168	741
169	741
173	741
175	741
160	774
161	774
165	770
166	773
166	774
161	740
162	740
163	740
164	740
165	740
167	740
168	740
169	740
173	740
174	740
175	740
176	740
160	775
161	775
167	775
162	739
163	739
164	739
167	739
168	739
169	739
172	739
173	739
174	739
175	739
176	739
159	776
160	776
161	776
166	776
167	776
168	776
163	738
167	738
175	738
176	738
158	777
159	777
160	777
165	776
165	777
166	777
167	777
166	737
167	737
175	737
176	737
177	737
158	778
159	778
164	775
164	776
164	777
165	778
166	778
167	778
165	736
166	736
167	736
175	736
176	736
177	736
159	779
160	779
163	777
166	779
164	736
165	735
166	735
167	735
174	735
175	735
176	735
159	780
160	780
165	780
167	734
168	734
176	734
177	734
159	781
160	781
164	781
167	733
168	733
176	733
178	733
160	782
176	732
179	733
160	783
180	732
180	733
160	784
180	731
161	785
180	730
161	786
179	729
180	729
181	729
162	787
178	728
178	729
179	728
180	728
182	729
163	786
177	727
177	728
178	727
179	727
163	785
164	787
176	726
176	727
176	728
177	726
178	726
176	729
163	784
175	727
177	725
175	728
175	729
178	725
175	730
176	730
163	783
174	726
174	727
174	728
176	724
177	724
178	724
174	729
173	725
173	726
173	727
175	723
175	724
176	723
177	723
178	723
179	723
172	724
173	724
174	722
174	723
176	722
177	722
178	722
179	722
180	723
180	724
171	724
172	723
173	723
173	721
173	722
177	721
178	721
179	721
181	723
181	724
181	725
177	720
178	720
179	720
182	725
182	726
176	719
177	719
179	719
183	725
183	726
183	727
175	718
175	719
176	718
177	718
174	719
175	717
177	717
