169	458
169	459
169	460
170	458
170	460
171	458
171	459
171	460
168	457
168	458
168	459
169	457
170	457
170	459
168	460
168	461
169	461
170	461
171	457
171	461
172	457
172	458
172	459
172	460
172	461
167	456
167	457
167	458
168	456
169	456
167	459
167	460
170	456
171	456
167	461
167	462
168	462
169	462
170	462
171	462
172	456
172	462
173	456
173	457
173	458
173	459
173	460
173	461
173	462
166	455
166	456
166	457
167	455
168	455
166	458
166	459
169	455
170	455
166	460
166	461
171	455
172	455
166	462
166	463
167	463
168	463
169	463
170	463
171	463
172	463
173	455
173	463
174	455
174	457
174	458
174	459
174	460
174	461
174	462
174	463
165	454
165	455
165	456
166	454
167	454
165	457
165	458
168	454
169	454
165	459
165	460
170	454
171	454
165	461
165	462
172	454
173	454
165	463
165	464
167	464
168	464
169	464
170	464
171	464
172	464
173	464
174	454
174	464
175	454
175	455
175	456
175	457
175	458
175	459
175	460
175	461
175	462
175	463
175	464
164	453
164	454
164	455
165	453
166	453
164	456
164	457
167	453
164	458
164	459
169	453
170	453
164	460
164	461
171	453
172	453
164	462
164	463
173	453
174	453
164	464
165	465
166	465
168	465
169	465
170	465
171	465
172	465
173	465
174	465
175	453
175	465
176	453
176	454
176	455
176	456
176	459
176	460
176	461
176	462
176	463
176	464
176	465
163	452
163	453
163	454
164	452
165	452
163	455
163	456
166	452
167	452
163	457
163	458
168	452
163	459
163	460
169	452
170	452
171	452
163	462
172	452
173	452
163	463
163	464
174	452
175	452
164	466
165	466
166	466
167	466
168	466
169	466
170	466
171	466
172	466
173	466
174	466
176	452
176	466
177	452
177	453
177	454
177	455
177	456
177	457
177	458
177	459
177	460
177	461
177	462
177	463
177	464
177	465
177	466
162	451
162	452
162	453
163	451
164	451
162	454
162	455
165	451
166	451
162	456
162	457
167	451
168	451
162	458
162	459
169	451
162	460
170	451
171	451
172	451
162	463
173	451
174	451
162	464
162	465
175	451
176	451
163	466
163	467
164	467
165	467
166	467
167	467
168	467
169	467
170	467
171	467
172	467
173	467
174	467
175	467
177	451
176	467
177	467
178	451
178	452
178	453
178	454
178	455
178	456
178	457
178	458
178	459
178	460
178	461
178	462
178	463
178	464
178	465
178	466
178	467
161	450
161	451
161	452
162	450
163	450
161	453
164	450
165	450
161	455
161	456
166	450
167	450
161	457
161	458
168	450
169	450
161	459
161	460
170	450
161	461
171	450
172	450
173	450
161	462
161	463
161	464
174	450
175	450
161	465
161	466
162	466
176	450
177	450
162	467
162	468
163	468
164	468
165	468
166	468
167	468
168	468
169	468
170	468
171	468
172	468
173	468
174	468
175	468
176	468
177	468
178	468
179	450
179	451
179	452
179	453
179	454
179	455
179	456
179	457
179	458
179	459
179	460
179	461
179	462
179	463
179	464
179	465
179	466
179	467
179	468
160	449
160	450
160	451
161	449
162	449
160	452
160	453
163	449
164	449
165	449
166	449
160	455
160	456
160	457
167	449
168	449
169	449
170	449
160	460
160	461
171	449
160	462
172	449
173	449
174	449
160	464
160	465
175	449
176	449
160	466
160	467
161	467
177	449
178	449
161	468
161	469
162	469
163	469
164	469
165	469
168	469
170	469
171	469
172	469
173	469
174	469
175	469
176	469
177	469
178	469
179	469
179	449
180	449
180	450
180	451
180	452
180	455
180	456
180	457
180	458
180	459
180	460
180	461
180	462
180	463
180	464
180	465
180	466
180	467
180	468
180	469
159	448
159	449
159	450
160	448
161	448
159	451
159	452
162	448
163	448
159	453
159	454
164	448
165	448
167	448
159	455
159	456
159	457
159	458
168	448
169	448
170	448
171	448
159	461
159	462
172	448
159	463
173	448
174	448
175	448
159	464
159	465
159	466
176	448
177	448
159	467
159	468
160	468
178	448
179	448
160	469
160	470
161	470
162	470
163	470
164	470
165	470
166	470
167	470
168	470
170	470
171	470
172	470
173	470
174	470
175	470
176	470
177	470
178	470
179	470
180	470
180	448
181	448
181	449
181	450
181	451
181	452
181	453
181	455
181	456
181	457
181	458
181	459
181	460
181	461
181	462
181	463
181	464
181	465
181	466
181	469
181	470
158	447
158	448
158	449
159	447
160	447
158	450
158	451
161	447
162	447
158	452
158	453
163	447
164	447
158	454
158	455
165	447
166	447
167	447
168	447
158	456
158	457
158	458
158	459
169	447
170	447
171	447
172	447
158	461
158	462
158	463
173	447
158	464
174	447
175	447
176	447
158	465
158	466
158	467
177	447
178	447
158	468
158	469
179	447
180	447
159	470
159	471
160	471
161	471
165	471
166	471
167	471
168	471
169	471
170	471
171	471
172	471
173	471
174	471
175	471
176	471
177	471
178	471
179	471
180	471
181	471
181	447
182	447
182	448
182	449
182	450
182	451
182	452
182	453
182	455
182	456
182	457
182	458
182	459
182	460
182	461
182	462
182	463
182	464
182	465
182	466
182	467
182	468
182	469
182	470
182	471
157	446
157	447
157	448
158	446
159	446
157	449
157	450
160	446
161	446
157	451
157	452
162	446
163	446
157	453
157	454
164	446
165	446
157	455
157	456
166	446
167	446
168	446
169	446
157	457
157	458
157	459
157	460
170	446
172	446
157	461
157	462
157	463
157	464
174	446
175	446
176	446
177	446
157	466
157	467
157	468
178	446
179	446
157	469
157	470
158	470
158	471
158	472
162	472
165	472
166	472
167	472
168	472
169	472
170	472
171	472
172	472
173	472
174	472
175	472
176	472
177	472
178	472
179	472
180	472
181	472
182	472
183	446
183	447
183	448
183	449
183	450
183	451
183	452
183	453
183	454
183	456
183	457
183	458
183	459
183	460
183	461
183	462
183	463
183	464
183	465
183	466
183	467
183	468
183	469
183	470
183	471
183	472
156	445
156	446
156	447
157	445
158	445
156	448
156	449
159	445
160	445
156	451
161	445
162	445
156	452
156	453
163	445
164	445
156	454
156	455
165	445
166	445
156	456
156	457
167	445
168	445
169	445
170	445
156	458
156	459
156	460
156	461
171	445
172	445
173	445
156	464
174	445
175	445
176	445
177	445
178	445
156	466
156	467
156	468
179	445
180	445
156	470
156	471
157	471
157	473
159	473
161	473
162	473
163	472
163	473
164	473
165	473
166	473
168	473
169	473
170	473
172	473
173	473
174	473
175	473
176	473
177	473
178	473
179	473
180	473
181	473
182	473
183	473
184	446
184	447
184	449
184	451
184	452
184	453
184	454
184	455
184	456
184	457
184	458
184	459
184	460
184	461
184	462
184	463
184	464
184	465
184	466
184	467
184	468
184	469
184	470
184	471
184	472
184	473
155	444
155	445
155	446
156	444
157	444
155	447
155	448
158	444
159	444
155	449
155	450
160	444
161	444
155	451
155	452
162	444
163	444
155	453
155	454
164	444
165	444
155	455
155	456
166	444
167	444
155	457
155	458
168	444
169	444
170	444
171	444
155	459
155	460
155	461
155	462
172	444
173	444
174	444
155	464
155	465
175	444
176	444
178	444
179	444
155	466
155	467
155	468
155	469
180	444
181	444
155	470
155	471
155	472
156	472
156	473
156	474
157	474
158	474
159	474
160	473
160	474
161	474
163	474
164	474
165	474
166	474
167	474
168	474
169	474
170	474
171	474
172	474
173	474
174	474
175	474
176	474
177	474
178	474
179	474
180	474
181	474
182	474
183	474
184	474
185	445
185	446
185	447
185	448
185	449
185	451
185	452
185	453
185	454
185	455
185	456
185	457
185	458
185	459
185	460
185	461
185	463
185	464
185	465
185	466
185	467
185	468
185	469
185	470
185	471
185	473
185	474
154	443
154	444
154	445
155	443
156	443
154	446
154	447
157	443
158	443
154	448
154	449
159	443
160	443
154	450
154	451
161	443
162	443
154	452
154	453
163	443
164	443
154	454
154	455
165	443
166	443
154	456
154	457
167	443
168	443
154	458
154	459
169	443
170	443
171	443
172	443
154	460
154	461
154	462
154	463
173	443
174	443
154	464
154	465
154	466
176	443
179	443
180	443
154	467
154	468
154	469
154	470
181	443
182	443
182	444
154	471
154	472
154	473
155	473
155	474
155	475
156	475
157	475
158	475
159	475
160	475
161	475
162	475
164	475
165	475
166	475
167	475
168	475
169	475
170	475
171	475
172	475
174	475
175	475
177	475
178	475
179	475
180	475
181	475
182	475
183	475
184	475
185	475
184	444
185	444
186	444
186	445
186	446
186	447
186	448
186	449
186	450
186	451
186	452
186	453
186	454
186	457
186	458
186	459
186	460
186	461
186	463
186	464
186	465
186	466
186	467
186	468
186	469
186	470
186	471
186	472
186	474
186	475
153	442
153	443
153	444
154	442
155	442
153	445
153	446
156	442
157	442
153	447
153	448
158	442
159	442
153	449
153	450
160	442
161	442
153	451
153	452
162	442
163	442
153	453
153	454
164	442
165	442
153	455
153	456
166	442
167	442
153	457
153	458
168	442
169	442
153	459
153	460
170	442
171	442
172	442
173	442
153	461
153	462
153	463
153	464
174	442
175	442
153	465
153	466
153	467
176	442
177	442
178	442
179	442
180	442
181	442
153	468
153	469
153	470
153	471
182	442
183	443
183	444
153	472
153	473
153	474
154	474
154	475
154	476
155	476
156	476
159	476
160	476
161	476
162	476
163	476
164	476
166	476
167	476
168	476
169	476
170	476
171	476
172	476
173	476
177	476
178	476
179	476
181	476
182	476
183	476
184	476
185	476
186	476
184	443
185	443
186	443
187	443
187	444
187	445
187	446
187	447
187	448
187	449
187	450
187	451
187	452
187	453
187	454
187	456
187	457
187	458
187	459
187	460
187	461
187	462
187	464
187	467
187	468
187	469
187	470
187	471
187	473
187	474
187	475
152	441
152	442
152	443
153	441
154	441
152	444
155	441
156	441
152	446
152	447
157	441
158	441
152	448
152	449
159	441
160	441
152	450
152	451
161	441
162	441
152	452
152	453
163	441
164	441
152	454
152	455
165	441
166	441
152	456
152	457
167	441
168	441
152	458
152	459
169	441
170	441
152	460
152	461
171	441
172	441
173	441
174	441
152	462
152	463
152	464
152	465
175	441
176	441
152	466
152	467
152	468
177	441
179	441
180	441
182	441
152	469
152	470
152	471
152	472
152	473
152	474
152	475
153	475
153	476
153	477
154	477
155	477
156	477
157	477
158	477
159	477
160	477
161	477
162	477
163	477
165	477
166	477
167	477
168	477
169	477
170	477
171	477
172	477
173	477
174	477
176	477
177	477
178	477
181	477
185	477
185	442
186	442
188	442
188	443
188	444
188	445
188	447
188	448
188	449
188	450
188	451
188	452
188	453
188	454
188	455
188	456
188	457
188	458
188	459
188	460
188	461
188	463
188	464
188	466
188	467
188	468
188	469
188	471
188	473
188	474
188	475
188	476
151	440
151	441
151	442
152	440
153	440
151	443
151	444
154	440
155	440
151	445
156	440
157	440
151	446
151	447
151	448
158	440
159	440
151	450
160	440
161	440
151	451
151	452
162	440
163	440
151	453
151	454
164	440
165	440
151	455
151	456
166	440
167	440
151	457
151	458
168	440
169	440
151	459
151	460
170	440
171	440
151	461
151	462
172	440
173	440
174	440
175	440
151	463
151	464
151	465
151	466
176	440
177	440
151	467
151	468
151	469
178	440
179	440
180	440
182	440
183	440
151	470
151	471
151	472
151	473
151	474
151	475
151	476
152	476
152	477
152	478
153	478
154	478
155	478
156	478
157	478
158	478
159	478
160	478
161	478
162	478
163	478
164	478
165	478
166	478
167	478
168	478
169	478
170	478
171	478
172	478
173	478
174	478
175	477
175	478
176	478
177	478
178	478
179	478
180	478
182	478
184	478
185	478
186	478
185	441
186	441
187	441
188	441
189	442
189	443
189	444
189	445
189	446
189	447
189	448
189	449
189	450
189	451
189	452
189	453
189	454
189	455
189	456
189	457
189	458
189	459
189	460
189	461
189	463
189	464
189	465
189	466
189	467
189	468
189	469
189	470
189	471
189	472
189	473
189	474
189	475
189	476
188	477
189	477
150	439
150	440
150	441
151	439
152	439
150	442
150	443
153	439
154	439
150	444
155	439
156	439
150	446
157	439
158	439
150	447
150	448
150	449
159	439
160	439
150	450
150	451
161	439
162	439
150	452
150	453
163	439
164	439
150	454
150	455
165	439
166	439
150	456
150	457
167	439
168	439
150	458
150	459
169	439
170	439
150	460
171	439
172	439
150	462
150	463
173	439
174	439
175	439
176	439
150	464
150	465
150	466
177	439
178	439
150	468
150	469
150	470
179	439
180	439
181	439
182	439
183	439
184	439
184	440
150	471
150	472
150	473
150	474
150	475
150	476
150	477
151	477
151	478
151	479
152	479
153	479
154	479
155	479
156	479
157	479
158	479
159	479
160	479
161	479
162	479
163	479
164	479
165	479
166	479
167	479
168	479
169	479
170	479
171	479
173	479
174	479
175	479
176	479
177	479
179	479
180	479
181	479
182	479
183	479
184	479
185	479
186	479
187	478
187	479
185	440
186	440
187	440
190	442
190	443
190	444
190	445
190	447
190	449
190	450
190	451
190	452
190	453
190	454
190	455
190	456
190	457
190	458
190	459
190	460
190	461
190	462
190	463
190	464
190	465
190	466
190	467
190	468
190	469
190	471
190	472
190	473
190	474
190	475
190	476
190	477
188	478
189	478
190	478
149	438
149	439
149	440
150	438
151	438
149	441
149	442
152	438
153	438
149	443
149	444
154	438
155	438
149	445
156	438
157	438
149	446
149	447
158	438
159	438
149	448
149	449
149	450
160	438
161	438
149	451
149	452
162	438
163	438
149	453
149	454
164	438
165	438
149	455
149	456
166	438
167	438
149	457
149	458
168	438
169	438
149	459
149	460
171	438
149	461
172	438
173	438
149	462
149	463
149	464
174	438
176	438
177	438
149	465
149	466
149	467
178	438
179	438
149	468
149	469
149	470
149	471
180	438
181	438
182	438
183	438
184	438
185	438
185	439
149	472
149	473
149	474
149	475
149	476
149	477
149	478
150	478
150	479
150	480
151	480
152	480
153	480
154	480
155	480
156	480
157	480
158	480
159	480
160	480
161	480
164	480
165	480
167	480
168	480
169	480
170	480
171	480
172	480
173	480
174	480
175	480
176	480
177	480
178	480
180	480
181	480
182	480
183	480
184	480
185	480
186	480
188	479
188	480
186	439
187	439
188	439
191	443
191	444
191	445
191	448
191	449
191	452
191	453
191	454
191	455
191	456
191	457
191	458
191	459
191	460
191	461
191	462
191	463
191	464
191	465
191	466
191	467
191	468
191	469
191	470
191	471
191	472
191	473
191	474
191	475
191	476
191	477
191	478
189	479
191	479
148	437
148	438
148	439
149	437
150	437
148	440
148	441
151	437
152	437
148	442
148	443
153	437
154	437
148	444
148	445
155	437
156	437
148	446
157	437
158	437
148	447
148	448
159	437
160	437
148	449
148	450
148	451
161	437
162	437
148	452
148	453
163	437
164	437
148	454
148	455
165	437
166	437
148	456
148	457
167	437
168	437
148	458
148	459
169	437
170	437
148	460
148	461
171	437
172	437
148	462
173	437
174	437
148	463
148	464
148	465
175	437
176	437
177	437
178	437
148	466
148	467
148	468
179	437
180	437
148	469
148	470
148	471
181	437
182	437
183	437
184	437
185	437
186	437
186	438
148	474
148	475
148	476
148	477
148	478
148	479
149	479
149	480
149	481
150	481
151	481
152	481
153	481
154	481
155	481
156	481
157	481
158	481
159	481
160	481
161	481
162	481
163	481
164	481
165	481
166	481
167	481
168	481
169	481
170	481
171	481
172	481
173	481
174	481
175	481
176	481
177	481
178	481
179	481
180	481
181	481
182	481
183	481
185	481
186	481
187	481
189	480
188	481
189	481
187	438
188	438
192	443
192	449
192	450
192	452
192	453
192	454
192	455
192	456
192	457
192	458
192	459
192	461
192	462
192	463
192	464
192	465
192	466
192	467
192	468
192	469
192	470
192	471
192	472
192	473
192	474
192	475
192	476
192	477
192	478
192	479
191	480
192	480
147	436
147	437
147	438
148	436
149	436
147	439
147	440
150	436
151	436
147	441
147	442
152	436
153	436
147	443
147	444
154	436
155	436
147	445
147	446
156	436
157	436
147	447
158	436
159	436
147	448
147	449
160	436
161	436
147	450
147	451
147	452
162	436
163	436
147	453
147	454
164	436
165	436
147	455
147	456
166	436
167	436
147	458
168	436
169	436
147	459
147	460
170	436
171	436
147	461
147	462
172	436
173	436
147	463
174	436
175	436
147	464
147	465
147	466
176	436
177	436
178	436
179	436
147	467
147	468
147	469
181	436
147	471
182	436
184	436
185	436
186	436
187	436
187	437
147	473
147	474
147	475
147	476
147	477
147	478
147	479
147	480
148	480
148	481
152	482
153	482
154	482
155	482
156	482
157	482
160	482
161	482
162	482
163	482
164	482
165	482
166	482
167	482
168	482
169	482
170	482
171	482
172	482
173	482
174	482
175	482
176	482
177	482
178	482
179	482
180	482
181	482
182	482
183	482
184	482
185	482
186	482
187	482
188	482
190	481
189	482
190	482
188	437
193	442
193	451
193	453
193	454
193	455
193	456
193	457
193	463
193	464
193	465
193	466
193	467
193	468
193	470
193	471
193	472
193	473
193	474
193	475
193	476
193	477
193	478
193	479
193	480
191	481
192	481
193	481
146	435
146	436
146	437
147	435
148	435
146	438
146	439
149	435
150	435
146	440
146	441
151	435
152	435
146	442
146	443
153	435
154	435
146	444
146	445
155	435
156	435
146	446
146	447
157	435
158	435
146	448
159	435
160	435
146	449
146	450
161	435
162	435
146	451
146	452
146	453
163	435
164	435
146	454
146	455
165	435
166	435
146	456
146	457
167	435
168	435
146	458
146	459
169	435
170	435
146	460
146	461
171	435
172	435
146	462
146	463
173	435
174	435
175	435
176	435
146	465
146	467
177	435
178	435
179	435
180	435
146	468
146	469
146	470
181	435
182	435
146	471
183	435
184	435
185	435
146	474
146	475
146	476
146	477
147	481
153	483
154	483
155	483
156	483
159	483
160	483
161	483
162	483
163	483
164	483
165	483
166	483
167	483
168	483
169	483
170	483
171	483
172	483
173	483
174	483
175	483
176	483
178	483
179	483
181	483
182	483
185	483
186	483
187	483
188	483
189	483
191	482
190	483
191	483
193	441
194	441
194	442
194	443
194	454
194	455
194	456
194	457
194	458
194	463
194	464
194	466
194	467
194	468
194	469
194	470
194	471
194	473
194	474
194	475
194	476
194	477
194	478
194	479
194	480
194	481
192	482
193	482
194	482
145	434
145	435
145	436
146	434
147	434
145	437
145	438
148	434
149	434
145	439
145	440
150	434
151	434
145	441
145	442
152	434
153	434
145	443
145	444
154	434
155	434
145	445
145	446
156	434
157	434
145	447
145	448
158	434
159	434
145	449
160	434
161	434
145	450
145	451
162	434
163	434
145	452
145	453
145	454
164	434
165	434
145	455
145	456
166	434
167	434
145	457
145	458
168	434
169	434
145	459
145	460
170	434
171	434
145	461
145	462
172	434
173	434
145	463
145	464
174	434
175	434
176	434
177	434
145	465
145	466
145	467
145	468
178	434
179	434
180	434
181	434
145	469
182	434
183	434
185	434
186	434
153	484
154	484
155	484
156	484
157	484
158	484
159	484
160	484
161	484
162	484
163	484
164	484
165	484
166	484
167	484
168	484
169	484
170	484
171	484
172	484
174	484
175	484
176	484
177	484
179	484
180	484
181	484
182	484
183	484
184	484
185	484
186	484
187	484
188	484
189	484
190	484
192	483
191	484
192	484
192	440
193	440
194	440
195	440
195	441
195	442
195	458
194	459
195	459
195	462
195	463
195	465
195	466
195	469
195	470
195	471
195	472
195	473
195	474
195	475
195	476
195	477
195	478
195	479
195	480
195	481
195	482
193	483
194	483
195	483
146	433
144	437
147	433
148	433
144	438
144	439
149	433
150	433
144	440
144	441
151	433
152	433
144	442
144	443
153	433
154	433
144	444
144	445
155	433
156	433
144	446
144	447
157	433
158	433
144	448
144	449
159	433
160	433
144	450
161	433
162	433
144	451
163	433
164	433
144	453
144	454
144	455
165	433
166	433
144	456
144	457
167	433
168	433
144	458
144	459
169	433
170	433
144	460
144	461
171	433
172	433
144	462
144	463
173	433
174	433
144	464
144	465
175	433
176	433
177	433
178	433
144	466
179	433
180	433
181	433
182	433
183	433
185	433
186	433
187	433
187	434
152	485
153	485
154	485
155	485
156	485
157	485
158	485
159	485
160	485
161	485
163	485
164	485
165	485
166	485
167	485
168	485
169	485
170	485
171	485
172	485
173	485
174	485
175	485
176	485
177	485
178	485
179	485
180	485
181	485
182	485
183	485
184	485
185	485
186	485
187	485
188	485
189	485
190	485
191	485
193	484
192	485
193	485
191	439
192	439
193	439
194	439
196	440
196	441
196	442
196	443
196	458
196	459
194	460
195	460
196	460
195	461
196	461
196	462
196	463
196	468
196	469
196	470
196	471
196	472
196	473
196	478
196	480
196	481
196	482
196	483
194	484
195	484
196	484
145	432
146	432
147	432
148	432
149	432
143	439
143	440
150	432
151	432
143	441
143	442
152	432
153	432
143	443
143	444
154	432
155	432
143	445
143	446
156	432
157	432
143	447
143	448
158	432
159	432
143	449
160	432
161	432
162	432
163	432
143	452
164	432
165	432
143	453
143	455
143	456
166	432
167	432
143	457
168	432
169	432
143	459
143	460
170	432
171	432
143	461
143	462
172	432
173	432
143	463
143	464
174	432
175	432
143	465
176	432
177	432
178	432
179	432
180	432
182	432
183	432
184	432
185	432
186	432
187	432
188	432
151	485
151	486
152	486
153	486
154	486
155	486
156	486
157	486
158	486
159	486
160	486
161	486
162	486
163	486
164	486
165	486
167	486
168	486
169	486
170	486
171	486
172	486
173	486
174	486
175	486
176	486
177	486
178	486
179	486
180	486
181	486
182	486
183	486
184	486
185	486
186	486
187	486
188	486
189	486
190	486
191	486
192	486
194	485
193	486
194	486
191	438
192	438
193	438
194	438
195	438
197	442
197	443
196	444
197	444
197	457
197	458
197	460
197	461
197	462
197	472
197	473
197	478
197	480
197	481
197	483
195	485
196	485
145	431
146	431
147	431
148	431
149	431
150	431
142	439
142	440
142	441
151	431
152	431
153	431
154	431
142	444
142	445
155	431
156	431
142	446
142	447
157	431
158	431
142	448
142	449
159	431
160	431
161	431
162	431
163	431
164	431
142	453
165	431
166	431
167	431
168	431
169	431
170	431
142	459
142	460
171	431
172	431
173	431
174	431
176	431
177	431
178	431
179	431
180	431
181	431
182	431
183	431
184	431
185	431
189	432
189	433
150	485
150	486
150	487
151	487
152	487
153	487
154	487
155	487
156	487
157	487
158	487
159	487
160	487
161	487
162	487
163	487
164	487
165	487
166	487
167	487
168	487
169	487
170	487
171	487
172	487
173	487
174	487
175	487
176	487
177	487
178	487
179	487
180	487
181	487
182	487
183	487
184	487
185	487
186	487
187	487
188	487
189	487
190	487
191	487
192	487
193	487
195	486
194	487
195	487
192	437
193	437
194	437
195	437
198	443
198	444
196	445
197	445
198	445
198	456
198	457
198	458
198	459
198	460
198	461
198	462
198	481
196	486
197	486
145	430
146	430
147	430
148	430
149	430
150	430
151	430
141	440
152	430
153	430
154	430
155	430
141	445
156	430
157	430
158	430
159	430
160	430
161	430
162	430
163	430
164	430
165	430
166	430
167	430
168	430
169	430
170	430
171	430
172	430
173	430
174	430
175	430
176	430
177	430
178	430
180	430
181	430
182	430
183	430
184	430
190	432
190	433
149	484
149	485
149	486
149	487
149	488
150	488
151	488
152	488
153	488
154	488
155	488
156	488
157	488
158	488
159	488
160	488
161	488
162	488
163	488
164	488
165	488
166	488
167	488
168	488
170	488
171	488
172	488
173	488
174	488
175	488
176	488
177	488
178	488
179	488
180	488
181	488
182	488
183	488
184	488
187	488
188	488
189	488
190	488
192	488
193	488
194	488
196	487
195	488
196	488
193	436
195	436
196	436
199	444
199	445
196	446
197	446
198	455
199	455
199	459
199	460
199	461
199	462
199	463
199	481
197	487
147	429
148	429
149	429
150	429
151	429
152	429
153	429
154	429
155	429
156	429
157	429
158	429
159	429
160	429
162	429
163	429
164	429
165	429
166	429
167	429
168	429
169	429
170	429
171	429
172	429
173	429
174	429
175	429
176	429
177	429
178	429
179	429
180	429
181	429
182	429
183	429
184	429
185	429
191	433
191	434
148	483
148	484
148	485
148	486
148	487
148	488
148	489
149	489
150	489
151	489
152	489
153	489
154	489
155	489
156	489
157	489
158	489
159	489
160	489
161	489
162	489
163	489
164	489
166	489
167	489
168	489
169	489
170	489
171	489
172	489
173	489
174	489
175	489
176	489
177	489
178	489
180	489
181	489
182	489
183	489
184	489
186	489
187	489
188	489
189	489
190	489
191	489
192	489
193	489
194	489
195	489
197	488
196	489
193	435
195	435
200	445
200	446
195	447
196	447
197	447
198	454
200	454
200	461
200	462
200	463
199	464
200	464
198	488
146	428
147	428
148	428
149	428
150	428
151	428
152	428
153	428
154	428
155	428
156	428
157	428
158	428
159	428
160	428
162	428
163	428
164	428
165	428
166	428
167	428
168	428
169	428
170	428
171	428
172	428
173	428
174	428
175	428
176	428
177	428
178	428
179	428
180	428
181	428
182	428
183	428
184	428
185	428
186	428
186	429
192	434
149	490
150	490
151	490
152	490
153	490
154	490
155	490
156	490
157	490
158	490
159	490
160	490
161	490
162	490
163	490
164	490
165	490
166	490
167	490
168	490
169	490
170	490
171	490
172	490
173	490
174	490
175	490
176	490
177	490
178	490
179	490
180	490
181	490
182	490
183	490
185	490
186	490
187	490
188	490
189	490
190	490
191	490
192	490
193	490
194	490
195	490
196	490
193	434
195	434
201	446
200	447
201	447
197	448
198	448
198	453
199	453
200	453
199	465
200	465
201	465
199	488
199	489
146	427
147	427
148	427
149	427
150	427
151	427
152	427
153	427
154	427
155	427
156	427
157	427
158	427
159	427
160	427
161	427
162	427
163	427
164	427
165	427
166	427
167	427
168	427
169	427
170	427
171	427
172	427
173	427
174	427
175	427
176	427
177	427
178	427
179	427
180	427
181	427
182	427
183	427
184	427
185	427
186	427
150	491
151	491
152	491
153	491
154	491
155	491
156	491
157	491
158	491
159	491
160	491
161	491
162	491
163	491
164	491
165	491
166	491
167	491
168	491
169	491
170	491
171	491
172	491
173	491
174	491
175	491
176	491
177	491
178	491
179	491
180	491
181	491
182	491
183	491
184	491
185	491
186	491
187	491
188	491
189	491
190	491
191	491
192	491
193	491
194	491
195	491
197	491
195	433
199	448
200	448
201	448
197	449
198	449
199	449
198	452
200	452
199	466
200	466
201	466
202	464
200	489
198	490
199	490
148	426
149	426
150	426
151	426
152	426
153	426
154	426
155	426
156	426
157	426
158	426
159	426
160	426
161	426
162	426
163	426
164	426
165	426
166	426
167	426
168	426
169	426
170	426
171	426
172	426
173	426
174	426
175	426
176	426
177	426
178	426
179	426
180	426
181	426
182	426
183	426
184	426
185	426
186	426
150	492
151	492
152	492
153	492
154	492
155	492
156	492
157	492
158	492
159	492
160	492
161	492
162	492
163	492
164	492
165	492
166	492
167	492
168	492
169	492
171	492
172	492
173	492
174	492
175	492
176	492
177	492
178	492
179	492
180	492
181	492
182	492
183	492
184	492
185	492
186	492
187	492
188	492
189	492
190	492
192	492
193	492
197	492
198	491
198	492
195	432
196	432
200	449
202	449
197	450
198	450
200	450
198	451
200	451
198	467
199	467
200	467
201	467
202	463
203	465
201	490
148	425
149	425
150	425
151	425
152	425
153	425
154	425
155	425
156	425
157	425
158	425
159	425
160	425
161	425
162	425
163	425
164	425
166	425
167	425
168	425
169	425
170	425
171	425
172	425
173	425
174	425
175	425
176	425
177	425
178	425
179	425
180	425
181	425
182	425
183	425
184	425
185	425
186	425
150	493
151	493
152	493
153	493
154	493
155	493
156	493
157	493
158	493
159	493
160	493
161	493
162	493
163	493
164	493
165	493
166	493
167	493
168	493
169	493
170	493
171	493
172	493
173	493
174	493
175	493
176	493
177	493
178	493
179	493
180	493
181	493
182	493
183	493
184	493
185	493
186	493
187	493
188	493
189	493
190	493
191	493
192	493
193	493
196	493
197	493
195	431
196	431
197	431
202	450
199	468
203	466
204	466
202	489
202	491
148	424
149	424
150	424
151	424
152	424
153	424
154	424
155	424
156	424
157	424
158	424
159	424
160	424
161	424
162	424
163	424
164	424
166	424
167	424
168	424
169	424
170	424
171	424
172	424
173	424
174	424
175	424
176	424
177	424
178	424
179	424
180	424
181	424
182	424
183	424
185	424
186	424
150	494
151	494
152	494
153	494
154	494
155	494
156	494
157	494
158	494
159	494
160	494
161	494
162	494
163	494
164	494
165	494
166	494
167	494
168	494
169	494
170	494
171	494
172	494
173	494
174	494
175	494
176	494
177	494
178	494
179	494
180	494
181	494
182	494
183	494
184	494
185	494
186	494
188	494
189	494
190	494
191	494
196	494
197	494
195	430
197	430
198	431
199	469
203	467
204	467
202	488
203	488
203	489
203	490
202	492
203	491
203	492
148	423
149	423
150	423
151	423
152	423
153	423
154	423
155	423
156	423
157	423
158	423
159	423
160	423
161	423
162	423
163	423
164	423
165	423
166	423
167	423
168	423
169	423
170	423
171	423
172	423
173	423
174	423
175	423
176	423
177	423
178	423
179	423
180	423
181	423
182	423
183	423
187	423
150	495
151	495
152	495
153	495
154	495
155	495
156	495
157	495
158	495
159	495
160	495
161	495
162	495
163	495
164	495
165	495
166	495
167	495
168	495
169	495
170	495
171	495
172	495
173	495
174	495
175	495
176	495
177	495
178	495
179	495
180	495
181	495
182	495
183	495
184	495
185	495
186	495
187	495
188	495
189	495
190	495
196	495
197	495
195	429
199	470
204	468
202	487
203	487
204	487
202	493
203	493
204	492
148	422
149	422
150	422
151	422
152	422
153	422
154	422
155	422
156	422
157	422
158	422
159	422
160	422
162	422
163	422
164	422
165	422
166	422
167	422
168	422
169	422
170	422
171	422
172	422
173	422
174	422
175	422
176	422
177	422
178	422
179	422
180	422
181	422
182	422
183	422
186	422
188	424
151	496
152	496
153	496
154	496
155	496
156	496
157	496
158	496
159	496
160	496
161	496
162	496
163	496
164	496
165	496
166	496
167	496
168	496
169	496
170	496
171	496
172	496
173	496
174	496
175	496
176	496
177	496
178	496
180	496
181	496
182	496
183	496
184	496
187	496
188	496
196	496
197	496
199	471
200	471
204	469
201	486
202	486
203	486
204	486
147	421
148	421
149	421
150	421
151	421
152	421
153	421
154	421
155	421
156	421
157	421
158	421
159	421
160	421
161	421
162	421
163	421
164	421
165	421
166	421
167	421
168	421
169	421
170	421
171	421
172	421
173	421
174	421
175	421
176	421
177	421
178	421
179	421
180	421
181	421
182	421
183	421
184	421
185	421
186	421
187	421
189	424
189	425
151	497
152	497
153	497
154	497
155	497
156	497
157	497
158	497
159	497
160	497
161	497
162	497
163	497
164	497
165	497
166	497
167	497
168	497
169	497
170	497
171	497
172	497
173	497
174	497
175	497
176	497
177	497
178	497
179	497
180	497
181	497
182	497
183	497
184	497
185	497
195	497
196	497
197	497
198	497
200	472
201	471
201	472
204	470
202	485
203	485
204	485
148	420
149	420
150	420
151	420
152	420
153	420
154	420
155	420
156	420
157	420
158	420
159	420
160	420
161	420
162	420
163	420
164	420
165	420
166	420
167	420
168	420
169	420
170	420
171	420
172	420
173	420
174	420
176	420
177	420
178	420
179	420
180	420
181	420
182	420
183	420
184	420
185	420
186	420
187	420
188	420
190	423
190	424
190	425
190	426
152	498
153	498
154	498
155	498
156	498
157	498
158	498
160	498
161	498
163	498
164	498
165	498
166	498
167	498
168	498
169	498
170	498
171	498
172	498
173	498
174	498
175	498
176	498
177	498
179	498
180	498
181	498
183	498
197	498
199	498
200	473
201	473
203	471
204	471
202	484
204	484
149	419
150	419
151	419
152	419
153	419
154	419
155	419
157	419
158	419
159	419
160	419
161	419
162	419
163	419
164	419
165	419
166	419
167	419
168	419
169	419
170	419
171	419
172	419
173	419
174	419
176	419
177	419
178	419
179	419
180	419
181	419
182	419
183	419
184	419
185	419
186	419
187	419
188	419
191	422
191	423
191	424
191	425
191	426
191	427
153	499
154	499
155	499
156	499
157	499
158	499
159	499
160	499
161	499
165	499
166	499
167	499
169	499
170	499
171	499
172	499
173	499
174	499
175	499
176	499
177	499
178	499
179	499
180	499
181	499
182	499
199	499
201	474
204	472
202	483
203	483
151	418
152	418
153	418
154	418
155	418
156	418
157	418
158	418
159	418
160	418
161	418
163	418
164	418
165	418
166	418
167	418
168	418
169	418
170	418
171	418
172	418
173	418
174	418
175	418
176	418
177	418
178	418
179	418
180	418
181	418
182	418
183	418
184	418
185	418
191	421
192	423
192	425
192	427
154	500
155	500
156	500
157	500
158	500
159	500
160	500
161	500
162	500
165	500
166	500
167	500
168	500
169	500
170	500
171	500
172	500
173	500
174	500
175	500
176	500
177	500
178	500
179	500
180	500
181	500
182	500
183	500
198	500
199	500
201	475
202	475
204	473
202	482
203	482
204	482
152	417
153	417
154	417
155	417
156	417
157	417
158	417
159	417
160	417
161	417
162	417
163	417
164	417
165	417
166	417
167	417
168	417
169	417
170	417
171	417
172	417
173	417
174	417
175	417
176	417
177	417
178	417
179	417
181	417
182	417
183	417
184	417
191	420
192	420
193	422
193	425
155	501
156	501
157	501
158	501
159	501
160	501
161	501
162	501
163	501
164	501
165	501
166	501
167	501
168	501
169	501
170	501
171	501
172	501
173	501
174	501
175	501
176	501
177	501
178	501
179	501
180	501
181	501
182	501
183	501
197	501
198	501
201	476
202	476
204	474
202	481
205	481
152	416
156	416
157	416
158	416
159	416
160	416
161	416
162	416
163	416
165	416
166	416
167	416
168	416
169	416
170	416
171	416
172	416
173	416
174	416
175	416
176	416
177	416
178	416
179	416
180	416
182	416
183	416
184	416
190	419
191	419
192	419
193	419
193	420
155	502
156	502
157	502
158	502
159	502
160	502
161	502
162	502
163	502
164	502
165	502
166	502
167	502
168	502
169	502
170	502
171	502
172	502
173	502
174	502
175	502
176	502
177	502
178	502
179	502
180	502
181	502
182	502
183	502
197	502
198	502
202	477
205	475
202	480
205	480
156	415
157	415
158	415
159	415
160	415
161	415
162	415
163	415
164	415
165	415
166	415
167	415
168	415
169	415
170	415
171	415
172	415
173	415
174	415
175	415
176	415
177	415
178	415
179	415
180	415
181	415
182	415
183	415
184	415
191	418
192	418
193	418
194	418
194	419
156	503
157	503
158	503
159	503
160	503
161	503
162	503
163	503
164	503
165	503
169	503
170	503
171	503
172	503
173	503
174	503
175	503
176	503
177	503
178	503
179	503
180	503
181	503
183	503
196	503
197	503
198	503
199	503
201	478
202	478
205	476
202	479
205	479
157	414
158	414
159	414
160	414
161	414
162	414
163	414
164	414
165	414
166	414
167	414
168	414
169	414
170	414
171	414
172	414
173	414
174	414
176	414
177	414
178	414
179	414
180	414
181	414
182	414
184	414
190	417
191	417
192	417
194	417
195	417
159	504
160	504
161	504
162	504
163	504
164	504
165	504
166	504
169	504
170	504
171	504
172	504
173	504
174	504
175	504
176	504
177	504
178	504
179	504
180	504
181	504
182	504
183	504
196	504
197	504
200	503
200	504
205	477
205	478
157	413
158	413
159	413
160	413
161	413
162	413
163	413
164	413
165	413
166	413
167	413
168	413
169	413
170	413
171	413
172	413
173	413
174	413
175	413
177	413
178	413
179	413
180	413
181	413
182	413
183	413
190	416
191	416
192	416
193	416
194	416
195	416
196	417
159	505
160	505
161	505
162	505
163	505
164	505
165	505
166	505
169	505
170	505
171	505
173	505
174	505
175	505
176	505
177	505
178	505
179	505
181	505
182	505
195	505
196	505
201	502
201	503
156	412
157	412
158	412
159	412
160	412
161	412
162	412
163	412
164	412
165	412
166	412
167	412
168	412
169	412
170	412
171	412
172	412
173	412
174	412
175	412
177	412
178	412
179	412
180	412
182	412
183	412
184	412
191	415
192	415
197	416
197	418
160	506
161	506
162	506
163	506
165	506
169	506
170	506
173	506
174	506
175	506
176	506
177	506
178	506
179	506
180	506
181	506
194	504
194	505
194	506
156	411
157	411
158	411
159	411
160	411
161	411
162	411
163	411
164	411
165	411
166	411
167	411
168	411
169	411
170	411
171	411
172	411
173	411
174	411
175	411
176	411
177	411
178	411
179	411
180	411
181	411
182	411
183	411
184	411
191	414
198	415
198	416
198	417
197	419
159	507
160	507
161	507
162	507
163	507
168	507
169	507
170	507
171	507
173	507
174	507
175	507
176	507
177	507
178	507
179	507
180	507
181	507
193	506
193	507
194	507
156	410
157	410
158	410
159	410
160	410
161	410
162	410
163	410
164	410
165	410
166	410
167	410
168	410
169	410
170	410
171	410
172	410
174	410
175	410
176	410
177	410
178	410
179	410
180	410
181	410
182	410
183	410
184	410
190	413
191	413
198	414
199	414
197	420
198	420
158	508
159	508
160	508
161	508
162	508
163	508
167	507
167	508
169	508
170	508
171	508
174	508
176	508
177	508
178	508
179	508
180	508
181	508
182	508
193	508
157	409
158	409
159	409
160	409
161	409
162	409
163	409
164	409
165	409
166	409
167	409
168	409
169	409
170	409
171	409
172	409
173	409
174	409
175	409
176	409
177	409
178	409
179	409
180	409
181	409
182	409
183	409
184	409
189	412
191	412
197	413
198	413
199	413
200	414
198	421
199	420
199	421
160	509
161	509
162	509
163	509
170	509
171	509
172	509
176	509
177	509
178	509
180	509
194	509
158	408
159	408
160	408
161	408
162	408
163	408
164	408
165	408
166	408
167	408
168	408
169	408
170	408
171	408
172	408
173	408
174	408
175	408
176	408
177	408
178	408
179	408
180	408
181	408
182	408
183	408
184	408
188	411
189	411
190	411
191	411
196	412
196	413
197	412
199	422
200	420
200	421
200	422
162	510
163	510
164	510
169	510
170	510
176	510
177	510
178	510
195	510
158	407
159	407
160	407
161	407
162	407
163	407
164	407
165	407
166	407
167	407
168	407
169	407
170	407
171	407
172	407
173	407
174	407
175	407
176	407
177	407
178	407
179	407
180	407
181	407
182	407
183	407
184	407
191	410
192	410
195	411
195	412
199	423
164	511
165	510
168	510
169	511
170	511
175	511
176	511
177	511
196	509
196	510
196	511
159	406
160	406
161	406
162	406
163	406
164	406
165	406
166	406
167	406
168	406
169	406
170	406
171	406
172	406
173	406
174	406
175	406
176	406
177	406
178	406
179	406
180	406
181	406
182	406
183	406
192	409
193	409
193	410
194	410
195	410
196	410
166	510
167	510
169	512
170	512
171	512
178	512
196	508
197	509
197	510
196	512
160	405
161	405
162	405
163	405
164	405
165	405
166	405
167	405
168	405
169	405
170	405
171	405
172	405
173	405
174	405
175	405
176	405
177	405
178	405
179	405
180	405
181	405
182	405
183	405
192	408
193	408
194	408
194	409
195	409
196	409
168	513
171	513
177	513
178	513
179	512
179	513
198	508
198	509
198	510
196	513
197	513
161	404
163	404
164	404
165	404
166	404
167	404
168	404
169	404
170	404
172	404
173	404
174	404
175	404
176	404
177	404
178	404
179	404
180	404
181	404
182	404
183	404
191	407
192	407
193	407
194	407
177	514
178	514
179	514
180	513
180	514
199	509
195	514
163	403
164	403
165	403
166	403
167	403
168	403
169	403
170	403
171	403
172	403
173	403
174	403
175	403
176	403
177	403
178	403
179	403
180	403
181	403
182	403
183	403
184	403
191	406
192	406
193	406
194	406
178	515
194	514
194	515
195	515
163	402
164	402
165	402
166	402
167	402
168	402
169	402
171	402
172	402
173	402
174	402
175	402
176	402
177	402
178	402
179	402
180	402
181	402
182	402
183	402
184	402
185	402
185	403
190	405
191	405
192	405
193	405
194	405
193	516
195	516
162	401
163	401
164	401
165	401
166	401
167	401
168	401
169	401
170	401
171	401
172	401
173	401
174	401
175	401
176	401
178	401
179	401
180	401
181	401
182	401
183	401
184	401
186	403
191	404
192	404
193	404
194	404
193	517
195	517
161	400
162	400
163	400
164	400
165	400
166	400
167	400
168	400
169	400
170	400
171	400
172	400
173	400
175	400
176	400
177	400
178	400
179	400
180	400
181	400
182	400
187	403
190	403
191	403
192	403
193	403
192	518
193	518
160	399
160	400
161	399
162	399
163	399
164	399
165	399
166	399
167	399
168	399
169	399
170	399
171	399
172	399
173	399
174	399
175	399
176	399
177	399
178	399
179	399
180	399
181	399
182	399
189	403
190	402
191	402
192	402
193	402
191	519
192	519
193	519
159	398
159	399
159	400
160	398
161	398
162	398
163	398
164	398
165	398
166	398
167	398
168	398
169	398
170	398
171	398
172	398
174	398
175	398
177	398
178	398
179	398
181	398
182	398
189	401
190	401
192	401
194	401
190	519
190	520
192	520
193	520
158	397
159	397
160	397
161	397
162	397
163	397
164	397
165	397
166	397
167	397
168	397
169	397
171	397
172	397
173	397
174	397
175	397
176	397
177	397
179	397
180	397
181	397
189	400
190	400
192	400
194	400
189	518
189	520
189	521
191	521
192	521
157	396
158	396
159	396
160	396
161	396
162	396
163	396
164	396
165	396
166	396
167	396
168	396
169	396
170	396
171	396
172	396
173	396
174	396
175	396
176	396
177	396
178	396
179	396
180	396
181	396
189	399
190	399
192	399
194	399
188	517
188	518
189	517
156	395
157	395
158	395
159	395
160	395
161	395
162	395
163	395
164	395
165	395
166	395
167	395
168	395
169	395
170	395
171	395
172	395
173	395
174	395
175	395
176	395
177	395
178	395
180	395
181	395
189	398
190	398
192	398
193	398
194	398
195	398
187	517
187	518
155	394
156	394
157	394
158	394
159	394
160	394
161	394
162	394
163	394
164	394
165	394
166	394
167	394
168	394
169	394
170	394
171	394
172	394
173	394
174	394
175	394
176	394
177	394
178	394
179	394
180	394
181	394
188	397
189	397
190	397
192	397
193	397
194	397
195	397
155	393
156	393
157	393
158	393
159	393
160	393
161	393
162	393
163	393
164	393
165	393
166	393
167	393
168	393
169	393
170	393
171	393
172	393
173	393
174	393
175	393
177	393
179	393
180	393
181	393
188	396
189	396
190	396
192	396
193	396
155	392
156	392
158	392
159	392
160	392
161	392
162	392
163	392
164	392
165	392
168	392
169	392
170	392
171	392
172	392
173	392
174	392
176	392
177	392
180	392
188	395
189	395
190	395
192	395
193	395
154	391
155	391
158	391
159	391
160	391
161	391
162	391
163	391
164	391
165	391
166	391
167	391
168	391
169	391
170	391
171	391
172	391
173	391
174	391
175	391
176	391
177	391
178	391
179	391
180	391
181	391
188	394
189	394
192	394
193	394
154	390
155	390
156	390
158	390
159	390
160	390
161	390
162	390
163	390
166	390
167	390
168	390
169	390
170	390
171	390
172	390
173	390
174	390
175	390
176	390
177	390
178	390
179	390
180	390
181	390
182	390
187	393
188	393
189	393
191	393
192	393
154	389
155	389
156	389
158	389
159	389
160	389
161	389
162	389
163	389
164	389
165	389
166	389
167	389
168	389
169	389
170	389
171	389
172	389
173	389
174	389
175	389
176	389
177	389
178	389
179	389
187	392
188	392
189	392
191	392
192	392
154	388
155	388
156	388
157	388
158	388
159	388
160	388
161	388
162	388
163	388
164	388
165	388
166	388
167	388
168	388
169	388
170	388
171	388
172	388
173	388
174	388
175	388
177	388
178	388
188	391
191	391
192	391
193	391
154	387
155	387
156	387
157	387
158	387
159	387
160	387
161	387
162	387
163	387
164	387
165	387
166	387
167	387
168	387
169	387
170	387
171	387
172	387
173	387
174	387
175	387
176	387
177	387
178	387
179	387
188	390
190	390
191	390
192	390
193	390
153	386
154	386
155	386
156	386
157	386
158	386
159	386
160	386
161	386
162	386
163	386
164	386
165	386
166	386
167	386
168	386
169	386
171	386
172	386
175	386
176	386
178	386
188	389
190	389
192	389
193	389
152	385
152	386
153	385
154	385
155	385
156	385
157	385
158	385
159	385
160	385
161	385
162	385
163	385
164	385
165	385
166	385
167	385
168	385
170	385
171	385
172	385
173	385
174	385
175	385
176	385
178	385
187	388
188	388
190	388
192	388
193	388
152	384
153	384
154	384
155	384
156	384
157	384
158	384
159	384
160	384
161	384
162	384
163	384
164	384
165	384
166	384
167	384
168	384
170	384
172	384
173	384
174	384
175	384
178	384
186	387
187	387
188	387
190	387
192	387
153	383
154	383
155	383
156	383
157	383
158	383
159	383
160	383
161	383
162	383
163	383
164	383
165	383
166	383
167	383
168	383
169	383
170	383
171	383
172	383
173	383
174	383
175	383
177	383
186	386
187	386
188	386
189	386
190	386
192	386
155	382
156	382
157	382
158	382
159	382
160	382
161	382
164	382
165	382
166	382
167	382
172	382
173	382
175	382
176	382
177	382
185	385
186	385
187	385
189	385
192	385
155	381
156	381
157	381
158	381
159	381
160	381
163	381
164	381
165	381
166	381
167	381
168	381
171	381
172	381
173	381
175	381
176	381
185	384
186	384
193	384
156	380
157	380
158	380
159	380
160	380
161	380
163	380
164	380
165	380
166	380
167	380
168	380
169	380
169	381
170	380
170	381
171	380
172	380
173	380
174	380
175	380
185	383
192	383
193	383
158	379
159	379
160	379
161	379
162	379
163	379
164	379
165	379
166	379
167	379
168	379
169	379
170	379
171	379
172	379
173	379
174	379
175	379
185	382
191	382
192	382
159	378
160	378
161	378
162	378
163	378
164	378
165	378
166	378
167	378
168	378
169	378
170	378
185	381
191	381
192	381
158	377
159	377
160	377
161	377
162	377
163	377
164	377
165	377
166	377
167	377
184	380
185	380
192	380
193	380
157	376
158	376
159	376
160	376
161	376
162	376
163	376
164	376
165	376
166	376
167	376
183	379
183	380
184	379
193	379
157	375
158	375
159	375
160	375
161	375
162	375
183	378
184	378
193	378
157	374
158	374
183	377
184	377
185	377
192	377
156	373
157	373
183	376
184	376
192	376
155	373
155	374
156	372
157	372
158	372
182	375
183	375
184	375
191	375
154	374
154	375
182	374
183	374
184	374
154	376
155	376
182	373
183	373
154	377
182	372
183	372
154	378
182	371
183	371
182	370
183	370
182	369
181	368
180	367
181	367
179	366
180	366
182	366
178	365
178	366
181	365
182	365
183	365
183	366
183	367
177	365
177	366
180	364
181	364
182	364
184	364
184	365
184	366
184	367
184	368
176	364
176	365
179	363
180	363
183	363
184	363
185	363
185	365
185	366
185	367
185	369
175	363
175	364
175	365
178	362
179	362
183	362
186	367
186	368
185	370
174	362
174	363
174	364
178	361
182	361
185	371
186	371
173	361
173	362
173	363
174	361
182	360
186	372
172	360
172	361
173	360
174	360
181	359
171	359
171	360
172	359
173	359
175	359
180	359
170	360
173	358
175	358
176	360
179	358
169	359
169	360
174	357
179	357
168	358
168	359
168	360
173	356
167	358
167	359
168	357
169	357
167	360
172	356
166	357
166	358
166	359
166	360
168	356
170	357
171	356
165	356
165	357
165	358
165	359
167	355
168	355
164	355
164	356
164	357
165	355
166	355
164	358
163	354
163	355
163	356
164	354
165	354
163	357
163	358
162	353
162	355
163	353
164	353
162	356
162	357
161	354
163	352
161	356
161	357
160	354
163	351
160	356
160	357
159	354
159	355
162	350
163	350
164	350
159	356
159	357
158	354
158	355
158	356
162	349
164	349
165	349
165	350
158	357
158	358
157	354
157	355
157	356
157	357
161	348
162	348
166	351
157	358
157	359
156	354
156	355
156	356
156	357
156	358
160	347
167	350
167	351
156	359
156	360
157	360
155	354
155	355
155	356
155	357
155	358
155	359
159	347
160	346
168	350
168	351
168	352
155	360
155	361
156	361
154	354
154	356
154	357
154	358
154	359
154	360
158	346
158	347
159	345
169	350
169	351
169	352
154	361
153	357
153	358
153	359
153	360
153	361
170	353
153	362
152	358
152	359
152	360
152	361
152	362
171	353
152	363
151	358
151	359
151	360
151	361
151	362
151	363
172	353
151	364
152	364
150	361
150	362
150	363
150	364
173	352
150	365
151	365
149	361
149	362
149	363
149	364
149	365
149	366
150	366
151	366
148	362
148	363
148	364
148	365
148	366
148	367
149	367
150	367
148	368
149	368
