183	548
183	549
183	550
184	550
185	550
182	547
182	548
182	549
183	547
184	549
185	551
186	550
186	551
182	546
185	552
186	552
187	551
187	552
181	545
182	545
183	545
184	553
185	553
186	553
188	551
188	552
188	553
180	544
180	545
180	546
182	544
183	544
185	554
189	554
180	543
179	546
182	543
183	543
184	555
185	555
189	555
190	553
190	554
190	555
180	542
182	542
183	555
185	556
188	556
189	556
190	552
191	552
191	553
181	541
182	554
182	555
182	556
185	557
187	556
187	557
188	557
190	551
191	551
192	554
180	540
181	553
181	554
181	556
181	557
185	558
186	558
187	558
188	558
189	558
191	550
192	550
192	555
193	553
193	554
193	555
179	539
179	540
180	539
180	552
180	554
181	552
182	552
180	555
180	556
180	557
180	558
181	558
182	558
184	559
185	559
189	559
190	558
190	559
190	549
191	549
192	549
193	549
193	550
193	551
192	556
193	556
194	555
194	556
178	538
178	540
179	538
180	538
178	541
179	553
179	554
179	558
179	559
180	559
181	559
182	559
183	559
183	560
184	560
185	560
189	548
189	549
190	548
192	548
193	548
194	548
194	549
194	550
194	551
192	557
193	557
194	557
195	556
195	557
179	537
177	540
180	537
178	554
178	555
178	557
178	558
178	559
178	560
179	560
180	560
181	560
186	561
188	547
188	548
190	547
191	547
192	547
193	547
195	548
195	549
195	550
195	552
194	558
195	558
196	556
179	536
180	536
176	539
178	556
177	558
179	561
180	561
186	562
188	546
189	546
190	546
191	546
192	546
193	546
194	546
196	547
196	548
196	550
196	551
195	553
195	559
196	559
197	556
197	557
181	535
175	538
175	539
175	540
176	538
178	562
181	562
185	563
186	563
188	545
189	545
190	545
191	545
192	545
193	545
194	545
195	546
197	546
197	547
197	548
197	549
197	550
197	551
196	554
195	560
197	559
198	555
198	556
198	557
198	558
182	534
174	538
174	539
175	537
176	537
174	540
174	541
177	562
177	563
181	563
182	563
184	562
184	563
184	564
185	564
186	564
187	564
187	544
188	544
189	544
190	544
191	544
193	544
194	544
196	545
197	545
198	545
198	547
198	548
198	549
198	550
198	551
198	552
197	554
195	561
198	559
198	554
199	554
199	556
199	557
199	559
183	533
183	534
183	535
173	539
173	540
175	536
173	541
176	561
176	562
177	564
178	564
181	564
184	565
188	563
186	543
186	544
189	543
190	543
192	543
193	543
194	543
195	543
197	544
198	544
199	544
199	545
199	546
199	548
199	550
199	551
199	552
198	553
199	553
195	562
199	560
200	553
200	554
200	556
200	557
200	558
200	559
200	560
182	532
183	532
184	533
184	534
184	536
175	561
177	565
178	565
179	565
189	564
185	542
185	543
185	544
186	542
185	545
188	542
189	542
193	542
194	542
195	542
196	542
196	543
198	543
199	543
200	543
200	544
200	545
200	546
200	547
200	549
200	550
200	552
194	563
195	563
196	563
198	561
199	561
201	554
201	555
201	559
185	535
184	537
185	536
185	537
174	561
176	566
177	566
178	566
179	566
190	564
185	541
185	546
186	546
188	541
189	541
190	541
192	541
195	541
196	541
199	542
200	542
201	543
201	544
201	547
201	551
193	562
193	563
193	564
194	564
197	563
197	564
199	562
200	562
202	554
202	556
202	560
186	534
186	535
186	536
184	538
185	538
186	537
186	538
175	565
178	567
179	567
191	563
191	564
184	540
185	540
187	540
188	540
189	540
190	540
191	540
191	541
192	540
194	540
195	540
199	541
200	541
202	542
202	544
202	546
202	547
202	551
202	552
192	561
192	562
193	561
192	564
192	565
193	565
195	565
200	563
201	562
203	553
202	557
203	556
203	557
202	561
203	559
203	560
186	533
187	536
187	537
184	539
185	539
187	538
174	564
177	568
178	568
179	568
190	562
189	539
190	539
191	539
193	539
195	539
196	539
198	540
203	541
203	544
203	545
203	547
203	552
191	561
192	560
193	560
192	566
193	566
196	566
201	564
202	562
202	563
203	558
204	556
204	557
204	558
204	559
204	560
186	532
187	532
188	535
188	536
188	537
188	538
174	563
178	569
180	569
189	561
190	561
189	538
190	538
191	538
195	538
196	538
197	538
198	539
199	539
202	540
203	540
204	540
204	542
204	543
204	545
204	546
204	547
204	548
204	551
192	559
191	567
193	567
194	567
196	567
197	566
201	565
202	564
202	565
203	563
203	564
205	555
205	556
205	557
205	558
185	531
186	531
188	531
188	533
188	534
189	534
189	535
189	537
177	570
178	570
179	570
180	570
190	537
191	537
195	537
196	537
197	537
198	537
198	538
200	538
201	539
202	539
203	539
205	543
205	544
205	545
205	546
205	547
205	548
203	549
204	550
205	550
205	552
190	567
190	568
193	568
194	568
196	568
203	565
204	562
204	564
204	565
205	554
206	554
206	555
206	556
206	557
185	530
186	530
188	530
189	530
189	531
189	532
189	533
190	533
190	535
190	536
178	571
179	571
180	571
192	536
195	536
197	536
198	536
199	537
200	537
201	537
201	538
202	538
203	538
204	538
206	542
206	543
206	546
206	547
206	548
206	549
202	549
206	550
205	553
206	552
206	553
189	566
189	567
189	568
189	569
190	569
192	569
193	569
194	569
196	569
197	569
204	566
205	562
205	563
205	566
207	553
207	554
207	555
207	556
207	558
184	529
185	529
186	529
189	529
190	529
190	530
190	531
190	532
191	532
191	533
191	534
191	535
178	572
179	572
180	572
181	572
192	535
193	535
193	536
195	535
200	536
201	536
202	537
203	537
207	543
207	544
207	547
207	549
207	550
207	552
188	568
192	570
193	570
196	570
198	569
198	570
203	567
204	567
205	567
206	562
206	563
206	564
206	565
206	566
206	567
208	552
208	553
208	554
208	555
208	556
207	559
208	558
183	528
183	529
183	530
185	528
186	528
188	528
189	528
190	528
191	528
191	529
191	530
192	531
192	532
192	533
192	534
177	573
178	573
179	573
181	573
193	534
194	534
195	534
196	534
200	535
201	535
202	535
203	536
208	542
208	544
208	546
208	547
208	548
208	549
208	551
187	568
192	571
193	571
194	571
195	571
196	571
199	568
198	571
199	571
202	567
202	568
203	568
204	568
206	568
207	561
207	562
207	563
207	564
207	567
207	568
209	552
209	553
209	554
209	555
209	556
209	557
207	560
208	560
209	558
182	528
182	529
184	527
182	530
185	527
186	527
188	527
189	527
190	527
191	527
192	527
192	528
192	529
192	530
193	530
193	531
193	532
193	533
177	574
178	574
195	533
196	533
197	533
201	534
202	534
203	534
203	535
204	535
208	541
209	542
209	543
209	544
209	546
209	547
209	548
209	549
209	550
186	567
186	568
186	569
193	572
195	572
196	572
197	572
200	567
200	569
199	572
200	570
200	571
200	572
201	568
203	569
204	569
205	569
207	569
208	562
208	564
210	552
210	554
210	555
210	556
210	557
210	558
209	560
209	561
181	527
189	526
190	526
192	526
193	526
193	528
193	529
194	530
194	531
176	575
179	575
195	532
196	532
197	532
198	532
198	533
202	533
203	533
204	534
210	546
210	547
210	548
210	549
210	550
186	566
187	566
185	569
185	570
186	570
187	570
192	573
196	573
197	573
198	573
199	566
201	571
201	572
201	573
205	570
206	570
208	570
209	562
209	563
209	564
209	565
211	554
211	555
211	556
211	557
211	559
210	561
210	562
180	526
181	526
189	525
190	525
193	525
194	525
194	526
195	531
178	576
179	576
180	575
180	576
196	531
198	531
199	531
199	532
199	533
201	532
203	532
204	532
211	547
211	548
211	549
184	568
184	569
184	570
191	573
191	574
192	574
193	574
197	574
198	574
199	574
199	565
202	571
202	572
202	573
202	574
205	571
206	571
209	570
210	563
210	564
209	566
212	553
212	556
212	557
212	558
211	560
211	563
180	525
182	525
190	524
192	524
193	524
195	524
195	525
195	526
195	527
196	530
179	577
181	575
197	530
198	530
199	530
200	530
200	532
201	531
203	531
205	532
183	567
190	573
191	575
192	575
193	575
197	575
198	575
199	575
203	571
203	574
202	575
203	575
204	572
210	569
210	570
211	564
211	565
209	567
210	567
212	552
213	552
213	553
213	555
213	558
212	562
189	523
190	523
191	523
192	523
193	523
194	523
195	523
196	524
196	526
196	527
196	528
197	529
178	578
179	578
198	529
199	529
200	529
201	530
206	532
182	567
189	572
198	576
199	576
204	573
204	574
202	576
203	576
205	573
209	568
210	568
211	568
211	569
211	570
211	571
211	566
214	551
214	552
214	555
214	556
213	562
213	563
188	522
190	522
191	522
192	522
193	522
194	522
196	522
197	524
197	525
197	527
197	528
198	528
177	579
178	579
179	579
180	579
200	528
201	528
207	532
207	533
188	573
189	571
197	577
198	577
200	577
205	574
205	575
201	577
202	577
203	577
206	574
212	571
210	572
211	572
212	572
215	551
215	552
214	563
187	521
187	522
187	523
190	521
191	521
193	521
194	521
197	522
198	523
198	524
198	525
198	526
198	527
199	527
176	579
178	580
179	580
180	580
181	578
181	579
181	580
200	527
201	527
202	527
208	531
208	532
208	533
206	534
207	534
208	534
187	574
196	577
196	578
199	578
200	578
201	578
206	575
206	576
202	578
207	573
213	571
213	572
209	572
211	573
212	573
216	550
216	551
216	552
215	562
186	521
186	522
187	520
189	520
190	520
191	520
192	520
193	520
195	520
198	522
199	522
199	523
199	524
199	525
199	526
200	526
175	578
179	581
180	581
181	581
182	578
182	579
182	580
182	581
201	526
203	528
209	530
207	535
208	535
186	574
186	575
195	578
195	579
196	579
197	579
198	579
199	579
200	579
201	579
206	577
207	577
208	572
210	574
211	574
217	552
216	562
185	521
187	519
188	519
189	519
192	519
193	519
194	519
195	519
196	520
199	521
200	524
200	525
174	579
180	582
181	582
183	577
183	581
183	582
202	525
210	530
207	536
187	576
194	579
196	580
199	580
200	580
201	580
207	578
211	575
217	561
184	522
186	518
191	518
192	518
193	518
194	518
196	518
198	520
199	520
200	520
173	579
173	580
174	580
179	583
180	583
181	583
184	581
184	582
184	583
203	524
207	537
186	577
188	576
188	577
193	579
199	581
202	581
208	579
217	560
185	519
186	517
191	517
192	517
193	517
194	517
195	517
196	517
197	517
197	518
198	519
199	519
201	519
201	520
172	578
172	579
172	581
173	581
174	581
179	584
182	584
185	580
185	581
183	584
184	584
203	523
207	538
186	578
187	578
188	578
192	578
192	579
201	582
203	581
208	580
184	519
186	516
192	516
193	516
194	516
195	516
196	516
197	516
198	517
200	518
201	518
202	519
171	577
171	578
171	579
172	577
172	582
173	582
174	582
179	585
183	585
185	579
186	579
186	580
184	585
185	585
202	522
187	579
191	577
191	578
200	583
201	583
202	583
204	580
207	581
208	581
183	519
192	515
193	515
195	515
196	515
197	515
199	516
199	517
201	517
171	576
173	583
174	583
179	586
183	586
184	586
187	580
187	581
185	586
186	584
186	585
186	586
201	522
188	580
190	577
203	583
208	582
191	514
192	514
193	514
194	514
195	514
196	514
197	514
198	514
199	515
200	516
201	516
202	516
171	575
173	584
174	584
183	587
184	587
188	581
187	582
188	582
187	583
187	584
187	586
209	583
190	513
190	515
192	513
193	513
194	513
195	513
196	513
198	513
199	513
199	514
200	514
201	515
202	515
173	585
174	585
183	588
184	588
188	587
189	512
189	513
190	512
191	512
189	515
189	516
192	512
194	512
195	512
196	512
197	512
198	512
199	512
200	513
201	513
201	514
203	514
175	586
183	589
184	589
185	589
188	588
189	586
188	511
189	511
188	514
191	511
188	517
193	511
194	511
195	511
201	512
204	514
184	590
185	590
186	589
186	590
188	589
189	589
189	585
190	585
190	586
190	587
187	510
187	512
188	510
189	510
190	510
187	513
187	514
192	510
193	510
194	510
195	510
196	510
201	511
202	511
184	591
185	591
189	590
190	588
190	589
190	590
191	584
191	587
191	588
186	509
186	510
187	509
189	509
190	509
193	509
194	509
195	509
197	509
197	510
201	510
203	511
203	512
184	592
185	592
189	591
190	591
191	589
191	590
191	591
192	584
192	585
192	586
186	508
189	508
190	508
191	508
192	508
196	508
197	508
198	508
198	509
198	510
201	509
185	593
189	592
190	592
192	590
192	591
192	592
193	586
193	587
188	507
189	507
190	507
191	507
192	507
193	507
195	507
196	507
197	507
199	507
199	508
199	509
201	508
189	593
190	593
193	591
193	592
193	593
194	586
194	587
193	588
194	588
187	506
188	506
189	506
190	506
191	506
192	506
193	506
194	506
194	507
195	506
197	506
201	507
188	594
189	594
190	594
191	594
194	590
194	591
194	592
194	593
193	594
195	585
195	586
195	587
195	588
194	589
195	589
188	505
189	505
190	505
191	505
192	505
193	505
194	505
195	505
197	505
198	505
201	506
187	593
188	595
189	595
190	595
191	595
195	592
195	593
195	594
194	584
195	584
196	588
196	589
196	590
187	504
188	504
190	504
191	504
192	504
194	504
197	504
201	505
189	596
190	596
191	596
192	596
196	591
196	592
196	593
196	594
195	595
194	583
197	591
186	503
188	503
189	503
190	503
191	503
192	503
196	503
197	503
198	503
200	504
192	597
193	596
193	597
197	594
196	596
187	502
188	502
189	502
190	502
191	502
192	502
193	502
195	502
198	502
199	502
200	503
198	593
198	594
195	597
196	597
197	596
186	501
187	501
188	501
189	501
192	501
193	501
194	501
194	502
195	501
198	501
199	501
200	501
200	502
199	593
199	594
195	598
196	598
185	500
185	501
187	500
188	500
193	500
194	500
195	500
198	500
199	500
184	500
184	501
185	499
186	499
187	499
188	499
189	499
192	499
193	499
194	499
183	499
183	501
183	502
190	498
190	499
191	498
194	498
195	498
182	499
182	501
183	503
190	497
191	497
192	497
193	497
194	497
195	497
181	498
183	504
184	504
190	496
191	496
192	496
194	496
195	496
183	505
189	495
190	495
192	495
193	495
194	495
195	495
184	506
190	494
191	494
192	494
193	494
194	494
195	494
184	507
190	493
191	493
193	493
194	493
196	493
189	492
190	492
191	492
192	492
193	492
194	492
195	492
197	493
197	494
188	491
189	491
190	491
191	491
192	491
194	491
195	491
198	492
198	493
198	494
198	495
187	490
187	491
188	490
189	490
190	490
191	490
192	490
193	490
195	490
197	491
198	496
186	489
186	490
189	489
192	489
193	489
194	489
195	489
196	489
197	490
185	488
185	490
189	488
193	488
198	489
184	487
184	488
185	487
188	487
189	487
190	487
192	487
193	487
194	487
198	488
183	486
183	487
183	488
185	486
188	486
190	486
191	486
191	487
192	486
193	486
197	487
182	485
182	486
182	488
185	485
187	485
188	485
189	485
190	485
191	485
192	485
193	485
197	486
181	484
181	485
181	486
182	484
185	484
186	484
187	484
188	484
189	484
190	484
191	484
194	484
196	485
180	483
180	485
181	483
180	487
183	483
185	483
186	483
187	483
188	483
189	483
190	483
191	483
192	483
193	483
194	483
195	483
195	484
195	485
179	482
179	483
181	482
180	488
185	482
186	482
188	482
189	482
190	482
191	482
192	482
193	482
195	482
178	481
179	481
180	481
181	481
184	481
188	481
189	481
190	481
191	481
192	481
193	481
194	481
195	481
196	481
177	480
177	481
179	480
183	480
184	480
188	480
190	480
192	480
193	480
194	480
196	480
177	479
178	479
179	479
182	479
183	479
184	479
188	479
189	479
190	479
191	479
192	479
195	479
177	478
181	479
183	478
188	478
189	478
190	478
191	478
193	478
176	477
182	477
183	477
187	477
191	477
194	477
177	476
181	476
181	477
184	476
186	476
186	477
186	478
187	476
188	476
190	476
193	476
194	476
176	475
180	475
181	475
182	475
183	475
184	475
185	475
185	476
187	475
186	479
188	475
189	475
190	475
193	475
194	475
175	475
179	474
179	476
181	474
182	474
183	474
184	474
188	474
186	480
193	474
178	473
181	473
182	473
183	473
188	473
189	473
193	473
178	472
179	472
180	472
181	472
182	472
188	472
179	471
180	471
181	471
182	471
183	471
187	471
188	471
184	471
186	470
186	471
186	472
187	470
188	470
189	470
185	471
185	472
187	469
190	470
190	471
191	471
